#num_trains
3

#num_trips
7   7   7   

#num_intervals
1

#time_intervals
0     63775

#num_points
14

#num_stations
13

#stations
0   13   3   12   9   1   2   4   5   6   7   10   11   

#num_crossings
7

#crossings
0   13   3   8   12   9   1   

#num_depots
3

#depots
0   13   3   

#initial_point
13

#num_routes
7

#routes
0   1   2   3   4   5   6   7   8   9   10   11   12   13   27   26   25   24   23   22   21   20   19   18   17   16   15   14   0   
27   26   25   24   23   22   21   20   19   18   17   16   15   14   0   1   2   3   4   5   6   7   8   9   10   11   12   13   27   
3   4   5   6   7   8   9   10   11   12   13   -1   -1   -1   -1   -1   -1   -1   -1   -1   -1   -1   -1   -1   -1   -1   -1   -1   -1   
17   16   15   14   -1   -1   -1   -1   -1   -1   -1   -1   -1   -1   -1   -1   -1   -1   -1   -1   -1   -1   -1   -1   -1   -1   -1   -1   -1   
0   1   2   3   -1   -1   -1   -1   -1   -1   -1   -1   -1   -1   -1   -1   -1   -1   -1   -1   -1   -1   -1   -1   -1   -1   -1   -1   -1   
27   26   25   24   23   22   21   20   19   18   17   -1   -1   -1   -1   -1   -1   -1   -1   -1   -1   -1   -1   -1   -1   -1   -1   -1   -1   
17   16   15   14   0   1   2   3   17   -1   -1   -1   -1   -1   -1   -1   -1   -1   -1   -1   -1   -1   -1   -1   -1   -1   -1   -1   -1   

#service_time_min
281   81   81   281   81   81   81   81   72   81   81   81   81   281   

#service_time_max
530   530   530   530   530   530   530   530   530   530   530   530   530   530   

#cost_matrix
    0    1    2    3    4    5    6    7    8    9    10    11    12    13    14    15    16    17    18    19    20    21    22    23    24    25    26    27
0   -1   131   -1   -1   -1   -1   -1   -1   -1   -1   -1   -1   -1   -1   0   -1   -1   -1   -1   -1   -1   -1   -1   -1   -1   -1   -1   -1
1   -1   -1   123   -1   -1   -1   -1   -1   -1   -1   -1   -1   -1   -1   -1   -1   -1   -1   -1   -1   -1   -1   -1   -1   -1   -1   -1   -1
2   -1   -1   -1   123   -1   -1   -1   -1   -1   -1   -1   -1   -1   -1   -1   -1   -1   -1   -1   -1   -1   -1   -1   -1   -1   -1   -1   -1
3   -1   -1   -1   -1   121   -1   -1   -1   -1   -1   -1   -1   -1   -1   -1   -1   -1   0   -1   -1   -1   -1   -1   -1   -1   -1   -1   -1
4   -1   -1   -1   -1   -1   123   -1   -1   -1   -1   -1   -1   -1   -1   -1   -1   -1   -1   -1   -1   -1   -1   -1   -1   -1   -1   -1   -1
5   -1   -1   -1   -1   -1   -1   138   -1   -1   -1   -1   -1   -1   -1   -1   -1   -1   -1   -1   -1   -1   -1   -1   -1   -1   -1   -1   -1
6   -1   -1   -1   -1   -1   -1   -1   118   -1   -1   -1   -1   -1   -1   -1   -1   -1   -1   -1   -1   -1   -1   -1   -1   -1   -1   -1   -1
7   -1   -1   -1   -1   -1   -1   -1   -1   122   -1   -1   -1   -1   -1   -1   -1   -1   -1   -1   -1   -1   -1   -1   -1   -1   -1   -1   -1
8   -1   -1   -1   -1   -1   -1   -1   -1   -1   139   -1   -1   -1   -1   -1   -1   -1   -1   -1   -1   -1   -1   -1   -1   -1   -1   -1   -1
9   -1   -1   -1   -1   -1   -1   -1   -1   -1   -1   138   -1   -1   -1   -1   -1   -1   -1   -1   -1   -1   -1   -1   -1   -1   -1   -1   -1
10   -1   -1   -1   -1   -1   -1   -1   -1   -1   -1   -1   134   -1   -1   -1   -1   -1   -1   -1   -1   -1   -1   -1   -1   -1   -1   -1   -1
11   -1   -1   -1   -1   -1   -1   -1   -1   -1   -1   -1   -1   138   -1   -1   -1   -1   -1   -1   -1   -1   -1   -1   -1   -1   -1   -1   -1
12   -1   -1   -1   -1   -1   -1   -1   -1   -1   -1   -1   -1   -1   130   -1   -1   -1   -1   -1   -1   -1   -1   -1   -1   -1   -1   -1   -1
13   -1   -1   -1   -1   -1   -1   -1   -1   -1   -1   -1   -1   -1   -1   -1   -1   -1   -1   -1   -1   -1   -1   -1   -1   -1   -1   -1   0
14   0   -1   -1   -1   -1   -1   -1   -1   -1   -1   -1   -1   -1   -1   -1   -1   -1   -1   -1   -1   -1   -1   -1   -1   -1   -1   -1   -1
15   -1   -1   -1   -1   -1   -1   -1   -1   -1   -1   -1   -1   -1   -1   131   -1   -1   -1   -1   -1   -1   -1   -1   -1   -1   -1   -1   -1
16   -1   -1   -1   -1   -1   -1   -1   -1   -1   -1   -1   -1   -1   -1   -1   123   -1   -1   -1   -1   -1   -1   -1   -1   -1   -1   -1   -1
17   -1   -1   -1   0   -1   -1   -1   -1   -1   -1   -1   -1   -1   -1   -1   -1   123   -1   -1   -1   -1   -1   -1   -1   -1   -1   -1   -1
18   -1   -1   -1   -1   -1   -1   -1   -1   -1   -1   -1   -1   -1   -1   -1   -1   -1   121   -1   -1   -1   -1   -1   -1   -1   -1   -1   -1
19   -1   -1   -1   -1   -1   -1   -1   -1   -1   -1   -1   -1   -1   -1   -1   -1   -1   -1   123   -1   -1   -1   -1   -1   -1   -1   -1   -1
20   -1   -1   -1   -1   -1   -1   -1   -1   -1   -1   -1   -1   -1   -1   -1   -1   -1   -1   -1   138   -1   -1   -1   -1   -1   -1   -1   -1
21   -1   -1   -1   -1   -1   -1   -1   -1   -1   -1   -1   -1   -1   -1   -1   -1   -1   -1   -1   -1   118   -1   -1   -1   -1   -1   -1   -1
22   -1   -1   -1   -1   -1   -1   -1   -1   -1   -1   -1   -1   -1   -1   -1   -1   -1   -1   -1   -1   -1   122   -1   -1   -1   -1   -1   -1
23   -1   -1   -1   -1   -1   -1   -1   -1   -1   -1   -1   -1   -1   -1   -1   -1   -1   -1   -1   -1   -1   -1   139   -1   -1   -1   -1   -1
24   -1   -1   -1   -1   -1   -1   -1   -1   -1   -1   -1   -1   -1   -1   -1   -1   -1   -1   -1   -1   -1   -1   -1   138   -1   -1   -1   -1
25   -1   -1   -1   -1   -1   -1   -1   -1   -1   -1   -1   -1   -1   -1   -1   -1   -1   -1   -1   -1   -1   -1   -1   -1   134   -1   -1   -1
26   -1   -1   -1   -1   -1   -1   -1   -1   -1   -1   -1   -1   -1   -1   -1   -1   -1   -1   -1   -1   -1   -1   -1   -1   -1   138   -1   -1
27   -1   -1   -1   -1   -1   -1   -1   -1   -1   -1   -1   -1   -1   0   -1   -1   -1   -1   -1   -1   -1   -1   -1   -1   -1   -1   130   -1

#demands
19 
19 
19 
19 
19 
19 
19 
19 
0 
19 
19 
19 
19 
0 
0 
19 
19 
19 
19 
19 
19 
19 
0 
19 
19 
19 
19 
19 

#max_time
63775

#alpha
73

