#num_trains
3

#num_trips
4   4   4   

#num_intervals
3

#time_intervals
0     15386
15387     30772
30773     46158

#num_points
10

#num_stations
10

#stations
0   9   4   1   2   3   5   6   7   8   

#num_crossings
5

#crossings
0   9   4   1   2   

#num_depots
3

#depots
0   9   4   

#initial_point
4

#num_routes
6

#routes
0   1   2   3   4   5   6   7   8   9   19   18   17   16   15   14   13   12   11   10   0   
19   18   17   16   15   14   13   12   11   10   0   1   2   3   4   5   6   7   8   9   19   
4   5   6   7   8   9   -1   -1   -1   -1   -1   -1   -1   -1   -1   -1   -1   -1   -1   -1   -1   
14   13   12   11   10   -1   -1   -1   -1   -1   -1   -1   -1   -1   -1   -1   -1   -1   -1   -1   -1   
0   1   2   3   4   -1   -1   -1   -1   -1   -1   -1   -1   -1   -1   -1   -1   -1   -1   -1   -1   
19   18   17   16   15   14   -1   -1   -1   -1   -1   -1   -1   -1   -1   -1   -1   -1   -1   -1   -1   

#service_time_min
173   102   102   102   173   102   102   102   102   173   

#service_time_max
423   423   423   423   423   423   423   423   423   423   

#cost_matrix
    0    1    2    3    4    5    6    7    8    9    10    11    12    13    14    15    16    17    18    19
0   -1   217   -1   -1   -1   -1   -1   -1   -1   -1   0   -1   -1   -1   -1   -1   -1   -1   -1   -1
1   -1   -1   236   -1   -1   -1   -1   -1   -1   -1   -1   -1   -1   -1   -1   -1   -1   -1   -1   -1
2   -1   -1   -1   244   -1   -1   -1   -1   -1   -1   -1   -1   -1   -1   -1   -1   -1   -1   -1   -1
3   -1   -1   -1   -1   226   -1   -1   -1   -1   -1   -1   -1   -1   -1   -1   -1   -1   -1   -1   -1
4   -1   -1   -1   -1   -1   220   -1   -1   -1   -1   -1   -1   -1   -1   0   -1   -1   -1   -1   -1
5   -1   -1   -1   -1   -1   -1   249   -1   -1   -1   -1   -1   -1   -1   -1   -1   -1   -1   -1   -1
6   -1   -1   -1   -1   -1   -1   -1   220   -1   -1   -1   -1   -1   -1   -1   -1   -1   -1   -1   -1
7   -1   -1   -1   -1   -1   -1   -1   -1   248   -1   -1   -1   -1   -1   -1   -1   -1   -1   -1   -1
8   -1   -1   -1   -1   -1   -1   -1   -1   -1   235   -1   -1   -1   -1   -1   -1   -1   -1   -1   -1
9   -1   -1   -1   -1   -1   -1   -1   -1   -1   -1   -1   -1   -1   -1   -1   -1   -1   -1   -1   0
10   0   -1   -1   -1   -1   -1   -1   -1   -1   -1   -1   -1   -1   -1   -1   -1   -1   -1   -1   -1
11   -1   -1   -1   -1   -1   -1   -1   -1   -1   -1   217   -1   -1   -1   -1   -1   -1   -1   -1   -1
12   -1   -1   -1   -1   -1   -1   -1   -1   -1   -1   -1   236   -1   -1   -1   -1   -1   -1   -1   -1
13   -1   -1   -1   -1   -1   -1   -1   -1   -1   -1   -1   -1   244   -1   -1   -1   -1   -1   -1   -1
14   -1   -1   -1   -1   0   -1   -1   -1   -1   -1   -1   -1   -1   226   -1   -1   -1   -1   -1   -1
15   -1   -1   -1   -1   -1   -1   -1   -1   -1   -1   -1   -1   -1   -1   220   -1   -1   -1   -1   -1
16   -1   -1   -1   -1   -1   -1   -1   -1   -1   -1   -1   -1   -1   -1   -1   249   -1   -1   -1   -1
17   -1   -1   -1   -1   -1   -1   -1   -1   -1   -1   -1   -1   -1   -1   -1   -1   220   -1   -1   -1
18   -1   -1   -1   -1   -1   -1   -1   -1   -1   -1   -1   -1   -1   -1   -1   -1   -1   248   -1   -1
19   -1   -1   -1   -1   -1   -1   -1   -1   -1   0   -1   -1   -1   -1   -1   -1   -1   -1   235   -1

#demands
3 3 3 
3 3 3 
3 3 3 
3 3 3 
3 3 3 
3 3 3 
3 3 3 
3 3 3 
3 3 3 
0 0 0 
0 0 0 
3 3 3 
3 3 3 
3 3 3 
3 3 3 
3 3 3 
3 3 3 
3 3 3 
3 3 3 
3 3 3 

#max_time
46158

#alpha
63

