#num_trains
4

#num_trips
4   4   4   4   

#num_intervals
3

#time_intervals
0     9298
9299     18596
18597     27894

#num_points
10

#num_stations
9

#stations
0   9   4   7   5   1   2   6   8   

#num_crossings
6

#crossings
0   9   4   3   7   5   

#num_depots
3

#depots
0   9   4   

#initial_point
9

#num_routes
6

#routes
0   1   2   3   4   5   6   7   8   9   19   18   17   16   15   14   13   12   11   10   0   
19   18   17   16   15   14   13   12   11   10   0   1   2   3   4   5   6   7   8   9   19   
4   5   6   7   8   9   -1   -1   -1   -1   -1   -1   -1   -1   -1   -1   -1   -1   -1   -1   -1   
14   13   12   11   10   -1   -1   -1   -1   -1   -1   -1   -1   -1   -1   -1   -1   -1   -1   -1   -1   
0   1   2   3   4   -1   -1   -1   -1   -1   -1   -1   -1   -1   -1   -1   -1   -1   -1   -1   -1   
19   18   17   16   15   14   -1   -1   -1   -1   -1   -1   -1   -1   -1   -1   -1   -1   -1   -1   -1   

#service_time_min
251   113   113   86   251   113   113   113   113   251   

#service_time_max
476   476   476   476   476   476   476   476   476   476   

#cost_matrix
    0    1    2    3    4    5    6    7    8    9    10    11    12    13    14    15    16    17    18    19
0   -1   231   -1   -1   -1   -1   -1   -1   -1   -1   0   -1   -1   -1   -1   -1   -1   -1   -1   -1
1   -1   -1   212   -1   -1   -1   -1   -1   -1   -1   -1   -1   -1   -1   -1   -1   -1   -1   -1   -1
2   -1   -1   -1   204   -1   -1   -1   -1   -1   -1   -1   -1   -1   -1   -1   -1   -1   -1   -1   -1
3   -1   -1   -1   -1   222   -1   -1   -1   -1   -1   -1   -1   -1   -1   -1   -1   -1   -1   -1   -1
4   -1   -1   -1   -1   -1   226   -1   -1   -1   -1   -1   -1   -1   -1   0   -1   -1   -1   -1   -1
5   -1   -1   -1   -1   -1   -1   231   -1   -1   -1   -1   -1   -1   -1   -1   -1   -1   -1   -1   -1
6   -1   -1   -1   -1   -1   -1   -1   216   -1   -1   -1   -1   -1   -1   -1   -1   -1   -1   -1   -1
7   -1   -1   -1   -1   -1   -1   -1   -1   224   -1   -1   -1   -1   -1   -1   -1   -1   -1   -1   -1
8   -1   -1   -1   -1   -1   -1   -1   -1   -1   230   -1   -1   -1   -1   -1   -1   -1   -1   -1   -1
9   -1   -1   -1   -1   -1   -1   -1   -1   -1   -1   -1   -1   -1   -1   -1   -1   -1   -1   -1   0
10   0   -1   -1   -1   -1   -1   -1   -1   -1   -1   -1   -1   -1   -1   -1   -1   -1   -1   -1   -1
11   -1   -1   -1   -1   -1   -1   -1   -1   -1   -1   231   -1   -1   -1   -1   -1   -1   -1   -1   -1
12   -1   -1   -1   -1   -1   -1   -1   -1   -1   -1   -1   212   -1   -1   -1   -1   -1   -1   -1   -1
13   -1   -1   -1   -1   -1   -1   -1   -1   -1   -1   -1   -1   204   -1   -1   -1   -1   -1   -1   -1
14   -1   -1   -1   -1   0   -1   -1   -1   -1   -1   -1   -1   -1   222   -1   -1   -1   -1   -1   -1
15   -1   -1   -1   -1   -1   -1   -1   -1   -1   -1   -1   -1   -1   -1   226   -1   -1   -1   -1   -1
16   -1   -1   -1   -1   -1   -1   -1   -1   -1   -1   -1   -1   -1   -1   -1   231   -1   -1   -1   -1
17   -1   -1   -1   -1   -1   -1   -1   -1   -1   -1   -1   -1   -1   -1   -1   -1   216   -1   -1   -1
18   -1   -1   -1   -1   -1   -1   -1   -1   -1   -1   -1   -1   -1   -1   -1   -1   -1   224   -1   -1
19   -1   -1   -1   -1   -1   -1   -1   -1   -1   0   -1   -1   -1   -1   -1   -1   -1   -1   230   -1

#demands
4 4 4 
4 4 4 
4 4 4 
0 0 0 
4 4 4 
4 4 4 
4 4 4 
4 4 4 
4 4 4 
0 0 0 
0 0 0 
4 4 4 
4 4 4 
0 0 0 
4 4 4 
4 4 4 
4 4 4 
4 4 4 
4 4 4 
4 4 4 

#max_time
27894

#alpha
67

