#num_trains
5

#num_trips
2   2   2   2   2   

#num_intervals
4

#time_intervals
0     8919
8920     17838
17839     26757
26758     35679

#num_points
6

#num_stations
5

#stations
0   5   2   1   4   

#num_crossings
4

#crossings
0   5   2   3   

#num_depots
3

#depots
0   5   2   

#initial_point
2

#num_routes
8

#routes
0   1   2   3   4   5   11   10   9   8   7   6   0   
11   10   9   8   7   6   0   1   2   3   4   5   11   
2   3   4   5   -1   -1   -1   -1   -1   -1   -1   -1   -1   
8   7   6   -1   -1   -1   -1   -1   -1   -1   -1   -1   -1   
0   1   2   -1   -1   -1   -1   -1   -1   -1   -1   -1   -1   
11   10   9   8   -1   -1   -1   -1   -1   -1   -1   -1   -1   
8   7   6   0   1   2   8   -1   -1   -1   -1   -1   -1   
2   3   4   5   11   10   9   8   2   -1   -1   -1   -1   

#service_time_min
207   85   207   48   85   207   

#service_time_max
588   588   588   588   588   588   

#cost_matrix
    0    1    2    3    4    5    6    7    8    9    10    11
0   -1   927   -1   -1   -1   -1   0   -1   -1   -1   -1   -1
1   -1   -1   907   -1   -1   -1   -1   -1   -1   -1   -1   -1
2   -1   -1   -1   1046   -1   -1   -1   -1   0   -1   -1   -1
3   -1   -1   -1   -1   941   -1   -1   -1   -1   -1   -1   -1
4   -1   -1   -1   -1   -1   1070   -1   -1   -1   -1   -1   -1
5   -1   -1   -1   -1   -1   -1   -1   -1   -1   -1   -1   0
6   0   -1   -1   -1   -1   -1   -1   -1   -1   -1   -1   -1
7   -1   -1   -1   -1   -1   -1   927   -1   -1   -1   -1   -1
8   -1   -1   0   -1   -1   -1   -1   907   -1   -1   -1   -1
9   -1   -1   -1   -1   -1   -1   -1   -1   1046   -1   -1   -1
10   -1   -1   -1   -1   -1   -1   -1   -1   -1   941   -1   -1
11   -1   -1   -1   -1   -1   0   -1   -1   -1   -1   1070   -1

#demands
1 1 1 1 
1 1 1 1 
1 1 1 1 
0 0 0 0 
1 1 1 1 
0 0 0 0 
0 0 0 0 
1 1 1 1 
1 1 1 1 
0 0 0 0 
1 1 1 1 
1 1 1 1 

#max_time
35679

#alpha
51

