#num_trains
2

#num_trips
10   10   

#num_intervals
3

#time_intervals
0     14132
14133     28264
28265     42397

#num_points
9

#num_stations
9

#stations
0   8   1   2   3   4   5   6   7   

#num_crossings
2

#crossings
0   8   

#num_depots
2

#depots
0   8   

#initial_point
8

#num_routes
2

#routes
0   1   2   3   4   5   6   7   8   17   16   15   14   13   12   11   10   9   0   
17   16   15   14   13   12   11   10   9   0   1   2   3   4   5   6   7   8   17   

#service_time_min
155   109   109   109   109   109   109   109   155   

#service_time_max
426   426   426   426   426   426   426   426   426   

#cost_matrix
    0    1    2    3    4    5    6    7    8    9    10    11    12    13    14    15    16    17
0   -1   137   -1   -1   -1   -1   -1   -1   -1   0   -1   -1   -1   -1   -1   -1   -1   -1
1   -1   -1   131   -1   -1   -1   -1   -1   -1   -1   -1   -1   -1   -1   -1   -1   -1   -1
2   -1   -1   -1   150   -1   -1   -1   -1   -1   -1   -1   -1   -1   -1   -1   -1   -1   -1
3   -1   -1   -1   -1   144   -1   -1   -1   -1   -1   -1   -1   -1   -1   -1   -1   -1   -1
4   -1   -1   -1   -1   -1   155   -1   -1   -1   -1   -1   -1   -1   -1   -1   -1   -1   -1
5   -1   -1   -1   -1   -1   -1   143   -1   -1   -1   -1   -1   -1   -1   -1   -1   -1   -1
6   -1   -1   -1   -1   -1   -1   -1   141   -1   -1   -1   -1   -1   -1   -1   -1   -1   -1
7   -1   -1   -1   -1   -1   -1   -1   -1   141   -1   -1   -1   -1   -1   -1   -1   -1   -1
8   -1   -1   -1   -1   -1   -1   -1   -1   -1   -1   -1   -1   -1   -1   -1   -1   -1   0
9   0   -1   -1   -1   -1   -1   -1   -1   -1   -1   -1   -1   -1   -1   -1   -1   -1   -1
10   -1   -1   -1   -1   -1   -1   -1   -1   -1   137   -1   -1   -1   -1   -1   -1   -1   -1
11   -1   -1   -1   -1   -1   -1   -1   -1   -1   -1   131   -1   -1   -1   -1   -1   -1   -1
12   -1   -1   -1   -1   -1   -1   -1   -1   -1   -1   -1   150   -1   -1   -1   -1   -1   -1
13   -1   -1   -1   -1   -1   -1   -1   -1   -1   -1   -1   -1   144   -1   -1   -1   -1   -1
14   -1   -1   -1   -1   -1   -1   -1   -1   -1   -1   -1   -1   -1   155   -1   -1   -1   -1
15   -1   -1   -1   -1   -1   -1   -1   -1   -1   -1   -1   -1   -1   -1   143   -1   -1   -1
16   -1   -1   -1   -1   -1   -1   -1   -1   -1   -1   -1   -1   -1   -1   -1   141   -1   -1
17   -1   -1   -1   -1   -1   -1   -1   -1   0   -1   -1   -1   -1   -1   -1   -1   141   -1

#demands
6 6 6 
6 6 6 
6 6 6 
6 6 6 
6 6 6 
6 6 6 
6 6 6 
6 6 6 
0 0 0 
0 0 0 
6 6 6 
6 6 6 
6 6 6 
6 6 6 
6 6 6 
6 6 6 
6 6 6 
6 6 6 

#max_time
42397

#alpha
71

