#num_trains
3

#num_trips
7   7   7   

#num_intervals
1

#time_intervals
0     36251

#num_points
6

#num_stations
5

#stations
0   5   1   2   4   

#num_crossings
3

#crossings
0   5   3   

#num_depots
2

#depots
0   5   

#initial_point
0

#num_routes
2

#routes
0   1   2   3   4   5   11   10   9   8   7   6   0   
11   10   9   8   7   6   0   1   2   3   4   5   11   

#service_time_min
264   109   109   76   109   264   

#service_time_max
444   444   444   444   444   444   

#cost_matrix
    0    1    2    3    4    5    6    7    8    9    10    11
0   -1   196   -1   -1   -1   -1   0   -1   -1   -1   -1   -1
1   -1   -1   185   -1   -1   -1   -1   -1   -1   -1   -1   -1
2   -1   -1   -1   200   -1   -1   -1   -1   -1   -1   -1   -1
3   -1   -1   -1   -1   208   -1   -1   -1   -1   -1   -1   -1
4   -1   -1   -1   -1   -1   197   -1   -1   -1   -1   -1   -1
5   -1   -1   -1   -1   -1   -1   -1   -1   -1   -1   -1   0
6   0   -1   -1   -1   -1   -1   -1   -1   -1   -1   -1   -1
7   -1   -1   -1   -1   -1   -1   196   -1   -1   -1   -1   -1
8   -1   -1   -1   -1   -1   -1   -1   185   -1   -1   -1   -1
9   -1   -1   -1   -1   -1   -1   -1   -1   200   -1   -1   -1
10   -1   -1   -1   -1   -1   -1   -1   -1   -1   208   -1   -1
11   -1   -1   -1   -1   -1   0   -1   -1   -1   -1   197   -1

#demands
18 
18 
18 
0 
18 
0 
0 
18 
18 
0 
18 
18 

#max_time
36251

#alpha
58

