#num_trains
3

#num_trips
5   5   5   

#num_intervals
1

#time_intervals
0     8707

#num_points
8

#num_stations
7

#stations
0   7   5   1   2   4   6   

#num_crossings
5

#crossings
0   7   5   3   1   

#num_depots
3

#depots
0   7   5   

#initial_point
7

#num_routes
7

#routes
0   1   2   3   4   5   6   7   15   14   13   12   11   10   9   8   0   
15   14   13   12   11   10   9   8   0   1   2   3   4   5   6   7   15   
5   6   7   -1   -1   -1   -1   -1   -1   -1   -1   -1   -1   -1   -1   -1   -1   
13   12   11   10   9   8   -1   -1   -1   -1   -1   -1   -1   -1   -1   -1   -1   
0   1   2   3   4   5   -1   -1   -1   -1   -1   -1   -1   -1   -1   -1   -1   
15   14   13   -1   -1   -1   -1   -1   -1   -1   -1   -1   -1   -1   -1   -1   -1   
5   6   7   15   14   13   5   -1   -1   -1   -1   -1   -1   -1   -1   -1   -1   

#service_time_min
107   73   73   42   73   107   73   107   

#service_time_max
333   333   333   333   333   333   333   333   

#cost_matrix
    0    1    2    3    4    5    6    7    8    9    10    11    12    13    14    15
0   -1   40   -1   -1   -1   -1   -1   -1   0   -1   -1   -1   -1   -1   -1   -1
1   -1   -1   41   -1   -1   -1   -1   -1   -1   -1   -1   -1   -1   -1   -1   -1
2   -1   -1   -1   43   -1   -1   -1   -1   -1   -1   -1   -1   -1   -1   -1   -1
3   -1   -1   -1   -1   38   -1   -1   -1   -1   -1   -1   -1   -1   -1   -1   -1
4   -1   -1   -1   -1   -1   39   -1   -1   -1   -1   -1   -1   -1   -1   -1   -1
5   -1   -1   -1   -1   -1   -1   39   -1   -1   -1   -1   -1   -1   0   -1   -1
6   -1   -1   -1   -1   -1   -1   -1   38   -1   -1   -1   -1   -1   -1   -1   -1
7   -1   -1   -1   -1   -1   -1   -1   -1   -1   -1   -1   -1   -1   -1   -1   0
8   0   -1   -1   -1   -1   -1   -1   -1   -1   -1   -1   -1   -1   -1   -1   -1
9   -1   -1   -1   -1   -1   -1   -1   -1   40   -1   -1   -1   -1   -1   -1   -1
10   -1   -1   -1   -1   -1   -1   -1   -1   -1   41   -1   -1   -1   -1   -1   -1
11   -1   -1   -1   -1   -1   -1   -1   -1   -1   -1   43   -1   -1   -1   -1   -1
12   -1   -1   -1   -1   -1   -1   -1   -1   -1   -1   -1   38   -1   -1   -1   -1
13   -1   -1   -1   -1   -1   0   -1   -1   -1   -1   -1   -1   39   -1   -1   -1
14   -1   -1   -1   -1   -1   -1   -1   -1   -1   -1   -1   -1   -1   39   -1   -1
15   -1   -1   -1   -1   -1   -1   -1   0   -1   -1   -1   -1   -1   -1   38   -1

#demands
14 
14 
14 
0 
14 
14 
14 
0 
0 
14 
14 
0 
14 
14 
14 
14 

#max_time
8707

#alpha
44

