#num_trains
4

#num_trips
4   4   4   4   

#num_intervals
1

#time_intervals
0     23803

#num_points
8

#num_stations
7

#stations
0   7   1   2   3   4   5   

#num_crossings
3

#crossings
0   7   6   

#num_depots
2

#depots
0   7   

#initial_point
0

#num_routes
2

#routes
0   1   2   3   4   5   6   7   15   14   13   12   11   10   9   8   0   
15   14   13   12   11   10   9   8   0   1   2   3   4   5   6   7   15   

#service_time_min
246   93   93   93   93   93   83   246   

#service_time_max
473   473   473   473   473   473   473   473   

#cost_matrix
    0    1    2    3    4    5    6    7    8    9    10    11    12    13    14    15
0   -1   233   -1   -1   -1   -1   -1   -1   0   -1   -1   -1   -1   -1   -1   -1
1   -1   -1   257   -1   -1   -1   -1   -1   -1   -1   -1   -1   -1   -1   -1   -1
2   -1   -1   -1   257   -1   -1   -1   -1   -1   -1   -1   -1   -1   -1   -1   -1
3   -1   -1   -1   -1   231   -1   -1   -1   -1   -1   -1   -1   -1   -1   -1   -1
4   -1   -1   -1   -1   -1   220   -1   -1   -1   -1   -1   -1   -1   -1   -1   -1
5   -1   -1   -1   -1   -1   -1   246   -1   -1   -1   -1   -1   -1   -1   -1   -1
6   -1   -1   -1   -1   -1   -1   -1   221   -1   -1   -1   -1   -1   -1   -1   -1
7   -1   -1   -1   -1   -1   -1   -1   -1   -1   -1   -1   -1   -1   -1   -1   0
8   0   -1   -1   -1   -1   -1   -1   -1   -1   -1   -1   -1   -1   -1   -1   -1
9   -1   -1   -1   -1   -1   -1   -1   -1   233   -1   -1   -1   -1   -1   -1   -1
10   -1   -1   -1   -1   -1   -1   -1   -1   -1   257   -1   -1   -1   -1   -1   -1
11   -1   -1   -1   -1   -1   -1   -1   -1   -1   -1   257   -1   -1   -1   -1   -1
12   -1   -1   -1   -1   -1   -1   -1   -1   -1   -1   -1   231   -1   -1   -1   -1
13   -1   -1   -1   -1   -1   -1   -1   -1   -1   -1   -1   -1   220   -1   -1   -1
14   -1   -1   -1   -1   -1   -1   -1   -1   -1   -1   -1   -1   -1   246   -1   -1
15   -1   -1   -1   -1   -1   -1   -1   0   -1   -1   -1   -1   -1   -1   221   -1

#demands
12 
12 
12 
12 
12 
12 
0 
0 
0 
12 
12 
12 
12 
12 
0 
12 

#max_time
23803

#alpha
46

