#num_trains
3

#num_trips
3   3   3   

#num_intervals
2

#time_intervals
0     21322
21323     42644

#num_points
15

#num_stations
15

#stations
0   14   4   3   7   1   2   5   6   8   9   10   11   12   13   

#num_crossings
5

#crossings
0   14   4   3   7   

#num_depots
4

#depots
0   14   4   3   

#initial_point
4

#num_routes
13

#routes
0   1   2   3   4   5   6   7   8   9   10   11   12   13   14   29   28   27   26   25   24   23   22   21   20   19   18   17   16   15   0   
29   28   27   26   25   24   23   22   21   20   19   18   17   16   15   0   1   2   3   4   5   6   7   8   9   10   11   12   13   14   29   
4   5   6   7   8   9   10   11   12   13   14   -1   -1   -1   -1   -1   -1   -1   -1   -1   -1   -1   -1   -1   -1   -1   -1   -1   -1   -1   -1   
19   18   17   16   15   -1   -1   -1   -1   -1   -1   -1   -1   -1   -1   -1   -1   -1   -1   -1   -1   -1   -1   -1   -1   -1   -1   -1   -1   -1   -1   
0   1   2   3   4   -1   -1   -1   -1   -1   -1   -1   -1   -1   -1   -1   -1   -1   -1   -1   -1   -1   -1   -1   -1   -1   -1   -1   -1   -1   -1   
29   28   27   26   25   24   23   22   21   20   19   -1   -1   -1   -1   -1   -1   -1   -1   -1   -1   -1   -1   -1   -1   -1   -1   -1   -1   -1   -1   
3   4   5   6   7   8   9   10   11   12   13   14   -1   -1   -1   -1   -1   -1   -1   -1   -1   -1   -1   -1   -1   -1   -1   -1   -1   -1   -1   
18   17   16   15   -1   -1   -1   -1   -1   -1   -1   -1   -1   -1   -1   -1   -1   -1   -1   -1   -1   -1   -1   -1   -1   -1   -1   -1   -1   -1   -1   
0   1   2   3   -1   -1   -1   -1   -1   -1   -1   -1   -1   -1   -1   -1   -1   -1   -1   -1   -1   -1   -1   -1   -1   -1   -1   -1   -1   -1   -1   
29   28   27   26   25   24   23   22   21   20   19   18   -1   -1   -1   -1   -1   -1   -1   -1   -1   -1   -1   -1   -1   -1   -1   -1   -1   -1   -1   
18   17   16   15   0   1   2   3   18   -1   -1   -1   -1   -1   -1   -1   -1   -1   -1   -1   -1   -1   -1   -1   -1   -1   -1   -1   -1   -1   -1   
3   4   -1   -1   -1   -1   -1   -1   -1   -1   -1   -1   -1   -1   -1   -1   -1   -1   -1   -1   -1   -1   -1   -1   -1   -1   -1   -1   -1   -1   -1   
19   18   17   16   15   0   1   2   3   4   19   -1   -1   -1   -1   -1   -1   -1   -1   -1   -1   -1   -1   -1   -1   -1   -1   -1   -1   -1   -1   

#service_time_min
272   95   95   272   272   95   95   95   95   95   95   95   95   95   272   

#service_time_max
478   478   478   478   478   478   478   478   478   478   478   478   478   478   478   

#cost_matrix
    0    1    2    3    4    5    6    7    8    9    10    11    12    13    14    15    16    17    18    19    20    21    22    23    24    25    26    27    28    29
0   -1   216   -1   -1   -1   -1   -1   -1   -1   -1   -1   -1   -1   -1   -1   0   -1   -1   -1   -1   -1   -1   -1   -1   -1   -1   -1   -1   -1   -1
1   -1   -1   224   -1   -1   -1   -1   -1   -1   -1   -1   -1   -1   -1   -1   -1   -1   -1   -1   -1   -1   -1   -1   -1   -1   -1   -1   -1   -1   -1
2   -1   -1   -1   226   -1   -1   -1   -1   -1   -1   -1   -1   -1   -1   -1   -1   -1   -1   -1   -1   -1   -1   -1   -1   -1   -1   -1   -1   -1   -1
3   -1   -1   -1   -1   223   -1   -1   -1   -1   -1   -1   -1   -1   -1   -1   -1   -1   -1   0   -1   -1   -1   -1   -1   -1   -1   -1   -1   -1   -1
4   -1   -1   -1   -1   -1   220   -1   -1   -1   -1   -1   -1   -1   -1   -1   -1   -1   -1   -1   0   -1   -1   -1   -1   -1   -1   -1   -1   -1   -1
5   -1   -1   -1   -1   -1   -1   213   -1   -1   -1   -1   -1   -1   -1   -1   -1   -1   -1   -1   -1   -1   -1   -1   -1   -1   -1   -1   -1   -1   -1
6   -1   -1   -1   -1   -1   -1   -1   201   -1   -1   -1   -1   -1   -1   -1   -1   -1   -1   -1   -1   -1   -1   -1   -1   -1   -1   -1   -1   -1   -1
7   -1   -1   -1   -1   -1   -1   -1   -1   190   -1   -1   -1   -1   -1   -1   -1   -1   -1   -1   -1   -1   -1   -1   -1   -1   -1   -1   -1   -1   -1
8   -1   -1   -1   -1   -1   -1   -1   -1   -1   187   -1   -1   -1   -1   -1   -1   -1   -1   -1   -1   -1   -1   -1   -1   -1   -1   -1   -1   -1   -1
9   -1   -1   -1   -1   -1   -1   -1   -1   -1   -1   217   -1   -1   -1   -1   -1   -1   -1   -1   -1   -1   -1   -1   -1   -1   -1   -1   -1   -1   -1
10   -1   -1   -1   -1   -1   -1   -1   -1   -1   -1   -1   209   -1   -1   -1   -1   -1   -1   -1   -1   -1   -1   -1   -1   -1   -1   -1   -1   -1   -1
11   -1   -1   -1   -1   -1   -1   -1   -1   -1   -1   -1   -1   190   -1   -1   -1   -1   -1   -1   -1   -1   -1   -1   -1   -1   -1   -1   -1   -1   -1
12   -1   -1   -1   -1   -1   -1   -1   -1   -1   -1   -1   -1   -1   224   -1   -1   -1   -1   -1   -1   -1   -1   -1   -1   -1   -1   -1   -1   -1   -1
13   -1   -1   -1   -1   -1   -1   -1   -1   -1   -1   -1   -1   -1   -1   188   -1   -1   -1   -1   -1   -1   -1   -1   -1   -1   -1   -1   -1   -1   -1
14   -1   -1   -1   -1   -1   -1   -1   -1   -1   -1   -1   -1   -1   -1   -1   -1   -1   -1   -1   -1   -1   -1   -1   -1   -1   -1   -1   -1   -1   0
15   0   -1   -1   -1   -1   -1   -1   -1   -1   -1   -1   -1   -1   -1   -1   -1   -1   -1   -1   -1   -1   -1   -1   -1   -1   -1   -1   -1   -1   -1
16   -1   -1   -1   -1   -1   -1   -1   -1   -1   -1   -1   -1   -1   -1   -1   216   -1   -1   -1   -1   -1   -1   -1   -1   -1   -1   -1   -1   -1   -1
17   -1   -1   -1   -1   -1   -1   -1   -1   -1   -1   -1   -1   -1   -1   -1   -1   224   -1   -1   -1   -1   -1   -1   -1   -1   -1   -1   -1   -1   -1
18   -1   -1   -1   0   -1   -1   -1   -1   -1   -1   -1   -1   -1   -1   -1   -1   -1   226   -1   -1   -1   -1   -1   -1   -1   -1   -1   -1   -1   -1
19   -1   -1   -1   -1   0   -1   -1   -1   -1   -1   -1   -1   -1   -1   -1   -1   -1   -1   223   -1   -1   -1   -1   -1   -1   -1   -1   -1   -1   -1
20   -1   -1   -1   -1   -1   -1   -1   -1   -1   -1   -1   -1   -1   -1   -1   -1   -1   -1   -1   220   -1   -1   -1   -1   -1   -1   -1   -1   -1   -1
21   -1   -1   -1   -1   -1   -1   -1   -1   -1   -1   -1   -1   -1   -1   -1   -1   -1   -1   -1   -1   213   -1   -1   -1   -1   -1   -1   -1   -1   -1
22   -1   -1   -1   -1   -1   -1   -1   -1   -1   -1   -1   -1   -1   -1   -1   -1   -1   -1   -1   -1   -1   201   -1   -1   -1   -1   -1   -1   -1   -1
23   -1   -1   -1   -1   -1   -1   -1   -1   -1   -1   -1   -1   -1   -1   -1   -1   -1   -1   -1   -1   -1   -1   190   -1   -1   -1   -1   -1   -1   -1
24   -1   -1   -1   -1   -1   -1   -1   -1   -1   -1   -1   -1   -1   -1   -1   -1   -1   -1   -1   -1   -1   -1   -1   187   -1   -1   -1   -1   -1   -1
25   -1   -1   -1   -1   -1   -1   -1   -1   -1   -1   -1   -1   -1   -1   -1   -1   -1   -1   -1   -1   -1   -1   -1   -1   217   -1   -1   -1   -1   -1
26   -1   -1   -1   -1   -1   -1   -1   -1   -1   -1   -1   -1   -1   -1   -1   -1   -1   -1   -1   -1   -1   -1   -1   -1   -1   209   -1   -1   -1   -1
27   -1   -1   -1   -1   -1   -1   -1   -1   -1   -1   -1   -1   -1   -1   -1   -1   -1   -1   -1   -1   -1   -1   -1   -1   -1   -1   190   -1   -1   -1
28   -1   -1   -1   -1   -1   -1   -1   -1   -1   -1   -1   -1   -1   -1   -1   -1   -1   -1   -1   -1   -1   -1   -1   -1   -1   -1   -1   224   -1   -1
29   -1   -1   -1   -1   -1   -1   -1   -1   -1   -1   -1   -1   -1   -1   0   -1   -1   -1   -1   -1   -1   -1   -1   -1   -1   -1   -1   -1   188   -1

#demands
3 3 
3 3 
3 3 
3 3 
3 3 
3 3 
3 3 
3 3 
3 3 
3 3 
3 3 
3 3 
3 3 
3 3 
0 0 
0 0 
3 3 
3 3 
3 3 
3 3 
3 3 
3 3 
3 3 
3 3 
3 3 
3 3 
3 3 
3 3 
3 3 
3 3 

#max_time
42644

#alpha
62

