#num_trains
4

#num_trips
4   4   4   4   

#num_intervals
4

#time_intervals
0     13833
13834     27666
27667     41499
41500     55333

#num_points
18

#num_stations
17

#stations
0   17   1   2   3   4   5   6   7   8   9   10   11   12   13   14   15   

#num_crossings
3

#crossings
0   17   16   

#num_depots
2

#depots
0   17   

#initial_point
0

#num_routes
2

#routes
0   1   2   3   4   5   6   7   8   9   10   11   12   13   14   15   16   17   35   34   33   32   31   30   29   28   27   26   25   24   23   22   21   20   19   18   0   
35   34   33   32   31   30   29   28   27   26   25   24   23   22   21   20   19   18   0   1   2   3   4   5   6   7   8   9   10   11   12   13   14   15   16   17   35   

#service_time_min
154   115   115   115   115   115   115   115   115   115   115   115   115   115   115   115   43   154   

#service_time_max
389   389   389   389   389   389   389   389   389   389   389   389   389   389   389   389   389   389   

#cost_matrix
    0    1    2    3    4    5    6    7    8    9    10    11    12    13    14    15    16    17    18    19    20    21    22    23    24    25    26    27    28    29    30    31    32    33    34    35
0   -1   225   -1   -1   -1   -1   -1   -1   -1   -1   -1   -1   -1   -1   -1   -1   -1   -1   0   -1   -1   -1   -1   -1   -1   -1   -1   -1   -1   -1   -1   -1   -1   -1   -1   -1
1   -1   -1   227   -1   -1   -1   -1   -1   -1   -1   -1   -1   -1   -1   -1   -1   -1   -1   -1   -1   -1   -1   -1   -1   -1   -1   -1   -1   -1   -1   -1   -1   -1   -1   -1   -1
2   -1   -1   -1   198   -1   -1   -1   -1   -1   -1   -1   -1   -1   -1   -1   -1   -1   -1   -1   -1   -1   -1   -1   -1   -1   -1   -1   -1   -1   -1   -1   -1   -1   -1   -1   -1
3   -1   -1   -1   -1   237   -1   -1   -1   -1   -1   -1   -1   -1   -1   -1   -1   -1   -1   -1   -1   -1   -1   -1   -1   -1   -1   -1   -1   -1   -1   -1   -1   -1   -1   -1   -1
4   -1   -1   -1   -1   -1   221   -1   -1   -1   -1   -1   -1   -1   -1   -1   -1   -1   -1   -1   -1   -1   -1   -1   -1   -1   -1   -1   -1   -1   -1   -1   -1   -1   -1   -1   -1
5   -1   -1   -1   -1   -1   -1   214   -1   -1   -1   -1   -1   -1   -1   -1   -1   -1   -1   -1   -1   -1   -1   -1   -1   -1   -1   -1   -1   -1   -1   -1   -1   -1   -1   -1   -1
6   -1   -1   -1   -1   -1   -1   -1   212   -1   -1   -1   -1   -1   -1   -1   -1   -1   -1   -1   -1   -1   -1   -1   -1   -1   -1   -1   -1   -1   -1   -1   -1   -1   -1   -1   -1
7   -1   -1   -1   -1   -1   -1   -1   -1   218   -1   -1   -1   -1   -1   -1   -1   -1   -1   -1   -1   -1   -1   -1   -1   -1   -1   -1   -1   -1   -1   -1   -1   -1   -1   -1   -1
8   -1   -1   -1   -1   -1   -1   -1   -1   -1   234   -1   -1   -1   -1   -1   -1   -1   -1   -1   -1   -1   -1   -1   -1   -1   -1   -1   -1   -1   -1   -1   -1   -1   -1   -1   -1
9   -1   -1   -1   -1   -1   -1   -1   -1   -1   -1   235   -1   -1   -1   -1   -1   -1   -1   -1   -1   -1   -1   -1   -1   -1   -1   -1   -1   -1   -1   -1   -1   -1   -1   -1   -1
10   -1   -1   -1   -1   -1   -1   -1   -1   -1   -1   -1   227   -1   -1   -1   -1   -1   -1   -1   -1   -1   -1   -1   -1   -1   -1   -1   -1   -1   -1   -1   -1   -1   -1   -1   -1
11   -1   -1   -1   -1   -1   -1   -1   -1   -1   -1   -1   -1   236   -1   -1   -1   -1   -1   -1   -1   -1   -1   -1   -1   -1   -1   -1   -1   -1   -1   -1   -1   -1   -1   -1   -1
12   -1   -1   -1   -1   -1   -1   -1   -1   -1   -1   -1   -1   -1   209   -1   -1   -1   -1   -1   -1   -1   -1   -1   -1   -1   -1   -1   -1   -1   -1   -1   -1   -1   -1   -1   -1
13   -1   -1   -1   -1   -1   -1   -1   -1   -1   -1   -1   -1   -1   -1   221   -1   -1   -1   -1   -1   -1   -1   -1   -1   -1   -1   -1   -1   -1   -1   -1   -1   -1   -1   -1   -1
14   -1   -1   -1   -1   -1   -1   -1   -1   -1   -1   -1   -1   -1   -1   -1   209   -1   -1   -1   -1   -1   -1   -1   -1   -1   -1   -1   -1   -1   -1   -1   -1   -1   -1   -1   -1
15   -1   -1   -1   -1   -1   -1   -1   -1   -1   -1   -1   -1   -1   -1   -1   -1   200   -1   -1   -1   -1   -1   -1   -1   -1   -1   -1   -1   -1   -1   -1   -1   -1   -1   -1   -1
16   -1   -1   -1   -1   -1   -1   -1   -1   -1   -1   -1   -1   -1   -1   -1   -1   -1   217   -1   -1   -1   -1   -1   -1   -1   -1   -1   -1   -1   -1   -1   -1   -1   -1   -1   -1
17   -1   -1   -1   -1   -1   -1   -1   -1   -1   -1   -1   -1   -1   -1   -1   -1   -1   -1   -1   -1   -1   -1   -1   -1   -1   -1   -1   -1   -1   -1   -1   -1   -1   -1   -1   0
18   0   -1   -1   -1   -1   -1   -1   -1   -1   -1   -1   -1   -1   -1   -1   -1   -1   -1   -1   -1   -1   -1   -1   -1   -1   -1   -1   -1   -1   -1   -1   -1   -1   -1   -1   -1
19   -1   -1   -1   -1   -1   -1   -1   -1   -1   -1   -1   -1   -1   -1   -1   -1   -1   -1   225   -1   -1   -1   -1   -1   -1   -1   -1   -1   -1   -1   -1   -1   -1   -1   -1   -1
20   -1   -1   -1   -1   -1   -1   -1   -1   -1   -1   -1   -1   -1   -1   -1   -1   -1   -1   -1   227   -1   -1   -1   -1   -1   -1   -1   -1   -1   -1   -1   -1   -1   -1   -1   -1
21   -1   -1   -1   -1   -1   -1   -1   -1   -1   -1   -1   -1   -1   -1   -1   -1   -1   -1   -1   -1   198   -1   -1   -1   -1   -1   -1   -1   -1   -1   -1   -1   -1   -1   -1   -1
22   -1   -1   -1   -1   -1   -1   -1   -1   -1   -1   -1   -1   -1   -1   -1   -1   -1   -1   -1   -1   -1   237   -1   -1   -1   -1   -1   -1   -1   -1   -1   -1   -1   -1   -1   -1
23   -1   -1   -1   -1   -1   -1   -1   -1   -1   -1   -1   -1   -1   -1   -1   -1   -1   -1   -1   -1   -1   -1   221   -1   -1   -1   -1   -1   -1   -1   -1   -1   -1   -1   -1   -1
24   -1   -1   -1   -1   -1   -1   -1   -1   -1   -1   -1   -1   -1   -1   -1   -1   -1   -1   -1   -1   -1   -1   -1   214   -1   -1   -1   -1   -1   -1   -1   -1   -1   -1   -1   -1
25   -1   -1   -1   -1   -1   -1   -1   -1   -1   -1   -1   -1   -1   -1   -1   -1   -1   -1   -1   -1   -1   -1   -1   -1   212   -1   -1   -1   -1   -1   -1   -1   -1   -1   -1   -1
26   -1   -1   -1   -1   -1   -1   -1   -1   -1   -1   -1   -1   -1   -1   -1   -1   -1   -1   -1   -1   -1   -1   -1   -1   -1   218   -1   -1   -1   -1   -1   -1   -1   -1   -1   -1
27   -1   -1   -1   -1   -1   -1   -1   -1   -1   -1   -1   -1   -1   -1   -1   -1   -1   -1   -1   -1   -1   -1   -1   -1   -1   -1   234   -1   -1   -1   -1   -1   -1   -1   -1   -1
28   -1   -1   -1   -1   -1   -1   -1   -1   -1   -1   -1   -1   -1   -1   -1   -1   -1   -1   -1   -1   -1   -1   -1   -1   -1   -1   -1   235   -1   -1   -1   -1   -1   -1   -1   -1
29   -1   -1   -1   -1   -1   -1   -1   -1   -1   -1   -1   -1   -1   -1   -1   -1   -1   -1   -1   -1   -1   -1   -1   -1   -1   -1   -1   -1   227   -1   -1   -1   -1   -1   -1   -1
30   -1   -1   -1   -1   -1   -1   -1   -1   -1   -1   -1   -1   -1   -1   -1   -1   -1   -1   -1   -1   -1   -1   -1   -1   -1   -1   -1   -1   -1   236   -1   -1   -1   -1   -1   -1
31   -1   -1   -1   -1   -1   -1   -1   -1   -1   -1   -1   -1   -1   -1   -1   -1   -1   -1   -1   -1   -1   -1   -1   -1   -1   -1   -1   -1   -1   -1   209   -1   -1   -1   -1   -1
32   -1   -1   -1   -1   -1   -1   -1   -1   -1   -1   -1   -1   -1   -1   -1   -1   -1   -1   -1   -1   -1   -1   -1   -1   -1   -1   -1   -1   -1   -1   -1   221   -1   -1   -1   -1
33   -1   -1   -1   -1   -1   -1   -1   -1   -1   -1   -1   -1   -1   -1   -1   -1   -1   -1   -1   -1   -1   -1   -1   -1   -1   -1   -1   -1   -1   -1   -1   -1   209   -1   -1   -1
34   -1   -1   -1   -1   -1   -1   -1   -1   -1   -1   -1   -1   -1   -1   -1   -1   -1   -1   -1   -1   -1   -1   -1   -1   -1   -1   -1   -1   -1   -1   -1   -1   -1   200   -1   -1
35   -1   -1   -1   -1   -1   -1   -1   -1   -1   -1   -1   -1   -1   -1   -1   -1   -1   0   -1   -1   -1   -1   -1   -1   -1   -1   -1   -1   -1   -1   -1   -1   -1   -1   217   -1

#demands
3 3 3 3 
3 3 3 3 
3 3 3 3 
3 3 3 3 
3 3 3 3 
3 3 3 3 
3 3 3 3 
3 3 3 3 
3 3 3 3 
3 3 3 3 
3 3 3 3 
3 3 3 3 
3 3 3 3 
3 3 3 3 
3 3 3 3 
3 3 3 3 
0 0 0 0 
0 0 0 0 
0 0 0 0 
3 3 3 3 
3 3 3 3 
3 3 3 3 
3 3 3 3 
3 3 3 3 
3 3 3 3 
3 3 3 3 
3 3 3 3 
3 3 3 3 
3 3 3 3 
3 3 3 3 
3 3 3 3 
3 3 3 3 
3 3 3 3 
3 3 3 3 
0 0 0 0 
3 3 3 3 

#max_time
55333

#alpha
74

