#num_trains
5

#num_trips
1   1   1   1   1   

#num_intervals
1

#time_intervals
0     6621

#num_points
6

#num_stations
6

#stations
0   5   1   2   3   4   

#num_crossings
4

#crossings
0   5   1   2   

#num_depots
3

#depots
0   5   1   

#initial_point
5

#num_routes
6

#routes
0   1   2   3   4   5   11   10   9   8   7   6   0   
11   10   9   8   7   6   0   1   2   3   4   5   11   
1   2   3   4   5   -1   -1   -1   -1   -1   -1   -1   -1   
7   6   -1   -1   -1   -1   -1   -1   -1   -1   -1   -1   -1   
0   1   -1   -1   -1   -1   -1   -1   -1   -1   -1   -1   -1   
11   10   9   8   7   -1   -1   -1   -1   -1   -1   -1   -1   

#service_time_min
90   90   81   81   81   90   

#service_time_max
352   352   352   352   352   352   

#cost_matrix
    0    1    2    3    4    5    6    7    8    9    10    11
0   -1   231   -1   -1   -1   -1   0   -1   -1   -1   -1   -1
1   -1   -1   272   -1   -1   -1   -1   0   -1   -1   -1   -1
2   -1   -1   -1   235   -1   -1   -1   -1   -1   -1   -1   -1
3   -1   -1   -1   -1   246   -1   -1   -1   -1   -1   -1   -1
4   -1   -1   -1   -1   -1   233   -1   -1   -1   -1   -1   -1
5   -1   -1   -1   -1   -1   -1   -1   -1   -1   -1   -1   0
6   0   -1   -1   -1   -1   -1   -1   -1   -1   -1   -1   -1
7   -1   0   -1   -1   -1   -1   231   -1   -1   -1   -1   -1
8   -1   -1   -1   -1   -1   -1   -1   272   -1   -1   -1   -1
9   -1   -1   -1   -1   -1   -1   -1   -1   235   -1   -1   -1
10   -1   -1   -1   -1   -1   -1   -1   -1   -1   246   -1   -1
11   -1   -1   -1   -1   -1   0   -1   -1   -1   -1   233   -1

#demands
4 
4 
4 
4 
4 
0 
0 
4 
4 
4 
4 
4 

#max_time
6621

#alpha
49

