#num_trains
2

#num_trips
4   4

#num_intervals
3

#time_intervals
0      5300
5301   10000
10001  16000

#num_points
6

#num_stations
5

#stations
0   1   2   4   5

#num_crossings
4

#crossings
0   2   3   5

#num_depots
3

#depots
0   2   5

#initial_point
2

#num_routes
10

#routes
0    1    2    3    4    5   11   10    9    8    7    6    0
0    1    2    3    4    5   -1   -1   -1   -1   -1   -1   -1
11   10   9    8    7    6   -1   -1   -1   -1   -1   -1   -1
11   10   9    8    7    6    0    1    2    3    4    5   11
2    3    4    5    11   10   9    8    7    6    0    1    2
8    7    6    0    1    2    3    4    5    11   10   9    8
2    3    4    5   -1   -1   -1   -1   -1   -1   -1   -1   -1   
11   10   9    8   -1   -1   -1   -1   -1   -1   -1   -1   -1
8    7    6   -1   -1   -1   -1   -1   -1   -1   -1   -1   -1
0    1    2   -1   -1   -1   -1   -1   -1   -1   -1   -1   -1

#service_time_min
120   60   120   40   60   120

#service_time_max
600   600   600   600   600   600

#cost_matrix
    0    1    2    3    4    5    6    7    8    9   10   11
0  -1   120  -1   -1   -1   -1    0   -1   -1   -1   -1   -1
1  -1   -1   200  -1   -1   -1   -1   -1   -1   -1   -1   -1
2  -1   -1   -1   180  -1   -1   -1   -1    0   -1   -1   -1
3  -1   -1   -1   -1   220  -1   -1   -1   -1   -1   -1   -1
4  -1   -1   -1   -1   -1   200  -1   -1   -1   -1   -1   -1
5  -1   -1   -1   -1   -1   -1   -1   -1   -1   -1   -1    0
6   0   -1   -1   -1   -1   -1   -1   -1   -1   -1   -1   -1
7  -1   -1   -1   -1   -1   -1   120  -1   -1   -1   -1   -1
8  -1   -1    0   -1   -1   -1   -1   200  -1   -1   -1   -1
9  -1   -1   -1   -1   -1   -1   -1   -1   180  -1   -1   -1
10 -1   -1   -1   -1   -1   -1   -1   -1   -1   220  -1   -1
11 -1   -1   -1   -1   -1    0   -1   -1   -1   -1   200  -1

#demands
3 2 3
3 2 3
3 2 3
3 2 3
3 2 3
0 0 0
0 0 0
3 2 3
3 2 3
3 2 3
3 2 3
3 2 3

#max_time
16000

#alpha
60