#num_trains
3

#num_trips
3   3   3

#num_intervals
3

#time_intervals
0      20000
20001  40000
40001  60000

#num_points
5

#num_stations
3

#stations
0   2   4

#num_crossings
5

#crossings
0   1   2   3   4

#num_depots
3

#depots
0   2   4

#initial_point
4

#num_routes
10

#routes
0   1   2   3   4  -1  -1  -1  -1  -1  -1
0   1   2   3   4   9   8   7   6   5   0
9   8   7   6   5  -1  -1  -1  -1  -1  -1
9   8   7   6   5   0   1   2   3   4   9
2   3   4   9   8   7   6   5   0   1   2
7   6   5   0   1   2   3   4   9   8   7
2   3   4  -1  -1  -1  -1  -1  -1  -1  -1
9   8   7  -1  -1  -1  -1  -1  -1  -1  -1
7   6   5  -1  -1  -1  -1  -1  -1  -1  -1
0   1   2  -1  -1  -1  -1  -1  -1  -1  -1

#service_time_min
120   40   120   60   120

#service_time_max
600   600   600   600   600

#cost_matrix
    0    1    2    3    4    5    6    7    8    9
0  -1   900  -1   -1   -1    0   -1   -1   -1   -1
1   0   -1   720  -1   -1   -1   -1   -1   -1   -1
2  -1   -1   -1   720  -1   -1   -1    0   -1   -1
3  -1   -1   -1   -1   600  -1   -1   -1   -1   -1
4  -1   -1   -1   -1   -1   -1   -1   -1   -1    0 
5   0   -1   -1   -1   -1   -1   -1   -1   -1   -1
6  -1   -1   -1   -1   -1   900  -1   -1   -1   -1
7  -1   -1    0   -1   -1   -1   720  -1   -1   -1
8  -1   -1   -1   -1   -1   -1   -1   720  -1   -1
9  -1   -1   -1   -1    0   -1   -1   -1   600  -1

#demands
2 2 5
0 0 0
2 2 5
0 0 0
0 0 0
0 0 0
0 0 0
2 2 5
0 0 0
2 2 5

#max_time
60000

#alpha
180