#num_trains
4

#num_trips
6   6   6   6   

#num_intervals
2

#time_intervals
0     28881
28882     57763

#num_points
14

#num_stations
11

#stations
0   13   3   4   5   2   6   9   10   11   12   

#num_crossings
8

#crossings
0   13   3   1   8   7   4   5   

#num_depots
3

#depots
0   13   3   

#initial_point
3

#num_routes
8

#routes
0   1   2   3   4   5   6   7   8   9   10   11   12   13   27   26   25   24   23   22   21   20   19   18   17   16   15   14   0   
27   26   25   24   23   22   21   20   19   18   17   16   15   14   0   1   2   3   4   5   6   7   8   9   10   11   12   13   27   
3   4   5   6   7   8   9   10   11   12   13   -1   -1   -1   -1   -1   -1   -1   -1   -1   -1   -1   -1   -1   -1   -1   -1   -1   -1   
17   16   15   14   -1   -1   -1   -1   -1   -1   -1   -1   -1   -1   -1   -1   -1   -1   -1   -1   -1   -1   -1   -1   -1   -1   -1   -1   -1   
0   1   2   3   -1   -1   -1   -1   -1   -1   -1   -1   -1   -1   -1   -1   -1   -1   -1   -1   -1   -1   -1   -1   -1   -1   -1   -1   -1   
27   26   25   24   23   22   21   20   19   18   17   -1   -1   -1   -1   -1   -1   -1   -1   -1   -1   -1   -1   -1   -1   -1   -1   -1   -1   
3   4   5   6   7   8   9   10   11   12   13   27   26   25   24   23   22   21   20   19   18   17   3   -1   -1   -1   -1   -1   -1   
17   16   15   14   0   1   2   3   17   -1   -1   -1   -1   -1   -1   -1   -1   -1   -1   -1   -1   -1   -1   -1   -1   -1   -1   -1   -1   

#service_time_min
206   45   112   206   112   112   112   45   45   112   112   112   112   206   

#service_time_max
578   578   578   578   578   578   578   578   578   578   578   578   578   578   

#cost_matrix
    0    1    2    3    4    5    6    7    8    9    10    11    12    13    14    15    16    17    18    19    20    21    22    23    24    25    26    27
0   -1   181   -1   -1   -1   -1   -1   -1   -1   -1   -1   -1   -1   -1   0   -1   -1   -1   -1   -1   -1   -1   -1   -1   -1   -1   -1   -1
1   -1   -1   204   -1   -1   -1   -1   -1   -1   -1   -1   -1   -1   -1   -1   -1   -1   -1   -1   -1   -1   -1   -1   -1   -1   -1   -1   -1
2   -1   -1   -1   198   -1   -1   -1   -1   -1   -1   -1   -1   -1   -1   -1   -1   -1   -1   -1   -1   -1   -1   -1   -1   -1   -1   -1   -1
3   -1   -1   -1   -1   194   -1   -1   -1   -1   -1   -1   -1   -1   -1   -1   -1   -1   0   -1   -1   -1   -1   -1   -1   -1   -1   -1   -1
4   -1   -1   -1   -1   -1   204   -1   -1   -1   -1   -1   -1   -1   -1   -1   -1   -1   -1   -1   -1   -1   -1   -1   -1   -1   -1   -1   -1
5   -1   -1   -1   -1   -1   -1   213   -1   -1   -1   -1   -1   -1   -1   -1   -1   -1   -1   -1   -1   -1   -1   -1   -1   -1   -1   -1   -1
6   -1   -1   -1   -1   -1   -1   -1   181   -1   -1   -1   -1   -1   -1   -1   -1   -1   -1   -1   -1   -1   -1   -1   -1   -1   -1   -1   -1
7   -1   -1   -1   -1   -1   -1   -1   -1   186   -1   -1   -1   -1   -1   -1   -1   -1   -1   -1   -1   -1   -1   -1   -1   -1   -1   -1   -1
8   -1   -1   -1   -1   -1   -1   -1   -1   -1   205   -1   -1   -1   -1   -1   -1   -1   -1   -1   -1   -1   -1   -1   -1   -1   -1   -1   -1
9   -1   -1   -1   -1   -1   -1   -1   -1   -1   -1   187   -1   -1   -1   -1   -1   -1   -1   -1   -1   -1   -1   -1   -1   -1   -1   -1   -1
10   -1   -1   -1   -1   -1   -1   -1   -1   -1   -1   -1   209   -1   -1   -1   -1   -1   -1   -1   -1   -1   -1   -1   -1   -1   -1   -1   -1
11   -1   -1   -1   -1   -1   -1   -1   -1   -1   -1   -1   -1   209   -1   -1   -1   -1   -1   -1   -1   -1   -1   -1   -1   -1   -1   -1   -1
12   -1   -1   -1   -1   -1   -1   -1   -1   -1   -1   -1   -1   -1   181   -1   -1   -1   -1   -1   -1   -1   -1   -1   -1   -1   -1   -1   -1
13   -1   -1   -1   -1   -1   -1   -1   -1   -1   -1   -1   -1   -1   -1   -1   -1   -1   -1   -1   -1   -1   -1   -1   -1   -1   -1   -1   0
14   0   -1   -1   -1   -1   -1   -1   -1   -1   -1   -1   -1   -1   -1   -1   -1   -1   -1   -1   -1   -1   -1   -1   -1   -1   -1   -1   -1
15   -1   -1   -1   -1   -1   -1   -1   -1   -1   -1   -1   -1   -1   -1   181   -1   -1   -1   -1   -1   -1   -1   -1   -1   -1   -1   -1   -1
16   -1   -1   -1   -1   -1   -1   -1   -1   -1   -1   -1   -1   -1   -1   -1   204   -1   -1   -1   -1   -1   -1   -1   -1   -1   -1   -1   -1
17   -1   -1   -1   0   -1   -1   -1   -1   -1   -1   -1   -1   -1   -1   -1   -1   198   -1   -1   -1   -1   -1   -1   -1   -1   -1   -1   -1
18   -1   -1   -1   -1   -1   -1   -1   -1   -1   -1   -1   -1   -1   -1   -1   -1   -1   194   -1   -1   -1   -1   -1   -1   -1   -1   -1   -1
19   -1   -1   -1   -1   -1   -1   -1   -1   -1   -1   -1   -1   -1   -1   -1   -1   -1   -1   204   -1   -1   -1   -1   -1   -1   -1   -1   -1
20   -1   -1   -1   -1   -1   -1   -1   -1   -1   -1   -1   -1   -1   -1   -1   -1   -1   -1   -1   213   -1   -1   -1   -1   -1   -1   -1   -1
21   -1   -1   -1   -1   -1   -1   -1   -1   -1   -1   -1   -1   -1   -1   -1   -1   -1   -1   -1   -1   181   -1   -1   -1   -1   -1   -1   -1
22   -1   -1   -1   -1   -1   -1   -1   -1   -1   -1   -1   -1   -1   -1   -1   -1   -1   -1   -1   -1   -1   186   -1   -1   -1   -1   -1   -1
23   -1   -1   -1   -1   -1   -1   -1   -1   -1   -1   -1   -1   -1   -1   -1   -1   -1   -1   -1   -1   -1   -1   205   -1   -1   -1   -1   -1
24   -1   -1   -1   -1   -1   -1   -1   -1   -1   -1   -1   -1   -1   -1   -1   -1   -1   -1   -1   -1   -1   -1   -1   187   -1   -1   -1   -1
25   -1   -1   -1   -1   -1   -1   -1   -1   -1   -1   -1   -1   -1   -1   -1   -1   -1   -1   -1   -1   -1   -1   -1   -1   209   -1   -1   -1
26   -1   -1   -1   -1   -1   -1   -1   -1   -1   -1   -1   -1   -1   -1   -1   -1   -1   -1   -1   -1   -1   -1   -1   -1   -1   209   -1   -1
27   -1   -1   -1   -1   -1   -1   -1   -1   -1   -1   -1   -1   -1   0   -1   -1   -1   -1   -1   -1   -1   -1   -1   -1   -1   -1   181   -1

#demands
11 11 
0 0 
11 11 
11 11 
11 11 
11 11 
11 11 
0 0 
0 0 
11 11 
11 11 
11 11 
11 11 
0 0 
0 0 
0 0 
11 11 
11 11 
11 11 
11 11 
11 11 
0 0 
0 0 
11 11 
11 11 
11 11 
11 11 
11 11 

#max_time
57763

#alpha
47

