#num_trains
5

#num_trips
8   8   8   8   8   

#num_intervals
4

#time_intervals
0     13426
13427     26852
26853     40278
40279     53706

#num_points
14

#num_stations
14

#stations
0   13   8   6   2   11   1   3   4   5   7   9   10   12   

#num_crossings
6

#crossings
0   13   8   6   2   11   

#num_depots
3

#depots
0   13   8   

#initial_point
8

#num_routes
8

#routes
0   1   2   3   4   5   6   7   8   9   10   11   12   13   27   26   25   24   23   22   21   20   19   18   17   16   15   14   0   
27   26   25   24   23   22   21   20   19   18   17   16   15   14   0   1   2   3   4   5   6   7   8   9   10   11   12   13   27   
8   9   10   11   12   13   -1   -1   -1   -1   -1   -1   -1   -1   -1   -1   -1   -1   -1   -1   -1   -1   -1   -1   -1   -1   -1   -1   -1   
22   21   20   19   18   17   16   15   14   -1   -1   -1   -1   -1   -1   -1   -1   -1   -1   -1   -1   -1   -1   -1   -1   -1   -1   -1   -1   
0   1   2   3   4   5   6   7   8   -1   -1   -1   -1   -1   -1   -1   -1   -1   -1   -1   -1   -1   -1   -1   -1   -1   -1   -1   -1   
27   26   25   24   23   22   -1   -1   -1   -1   -1   -1   -1   -1   -1   -1   -1   -1   -1   -1   -1   -1   -1   -1   -1   -1   -1   -1   -1   
22   21   20   19   18   17   16   15   14   0   1   2   3   4   5   6   7   8   22   -1   -1   -1   -1   -1   -1   -1   -1   -1   -1   
8   9   10   11   12   13   27   26   25   24   23   22   8   -1   -1   -1   -1   -1   -1   -1   -1   -1   -1   -1   -1   -1   -1   -1   -1   

#service_time_min
164   71   71   71   71   71   71   71   164   71   71   71   71   164   

#service_time_max
523   523   523   523   523   523   523   523   523   523   523   523   523   523   

#cost_matrix
    0    1    2    3    4    5    6    7    8    9    10    11    12    13    14    15    16    17    18    19    20    21    22    23    24    25    26    27
0   -1   118   -1   -1   -1   -1   -1   -1   -1   -1   -1   -1   -1   -1   0   -1   -1   -1   -1   -1   -1   -1   -1   -1   -1   -1   -1   -1
1   -1   -1   117   -1   -1   -1   -1   -1   -1   -1   -1   -1   -1   -1   -1   -1   -1   -1   -1   -1   -1   -1   -1   -1   -1   -1   -1   -1
2   -1   -1   -1   117   -1   -1   -1   -1   -1   -1   -1   -1   -1   -1   -1   -1   -1   -1   -1   -1   -1   -1   -1   -1   -1   -1   -1   -1
3   -1   -1   -1   -1   120   -1   -1   -1   -1   -1   -1   -1   -1   -1   -1   -1   -1   -1   -1   -1   -1   -1   -1   -1   -1   -1   -1   -1
4   -1   -1   -1   -1   -1   100   -1   -1   -1   -1   -1   -1   -1   -1   -1   -1   -1   -1   -1   -1   -1   -1   -1   -1   -1   -1   -1   -1
5   -1   -1   -1   -1   -1   -1   100   -1   -1   -1   -1   -1   -1   -1   -1   -1   -1   -1   -1   -1   -1   -1   -1   -1   -1   -1   -1   -1
6   -1   -1   -1   -1   -1   -1   -1   106   -1   -1   -1   -1   -1   -1   -1   -1   -1   -1   -1   -1   -1   -1   -1   -1   -1   -1   -1   -1
7   -1   -1   -1   -1   -1   -1   -1   -1   111   -1   -1   -1   -1   -1   -1   -1   -1   -1   -1   -1   -1   -1   -1   -1   -1   -1   -1   -1
8   -1   -1   -1   -1   -1   -1   -1   -1   -1   119   -1   -1   -1   -1   -1   -1   -1   -1   -1   -1   -1   -1   0   -1   -1   -1   -1   -1
9   -1   -1   -1   -1   -1   -1   -1   -1   -1   -1   108   -1   -1   -1   -1   -1   -1   -1   -1   -1   -1   -1   -1   -1   -1   -1   -1   -1
10   -1   -1   -1   -1   -1   -1   -1   -1   -1   -1   -1   110   -1   -1   -1   -1   -1   -1   -1   -1   -1   -1   -1   -1   -1   -1   -1   -1
11   -1   -1   -1   -1   -1   -1   -1   -1   -1   -1   -1   -1   100   -1   -1   -1   -1   -1   -1   -1   -1   -1   -1   -1   -1   -1   -1   -1
12   -1   -1   -1   -1   -1   -1   -1   -1   -1   -1   -1   -1   -1   104   -1   -1   -1   -1   -1   -1   -1   -1   -1   -1   -1   -1   -1   -1
13   -1   -1   -1   -1   -1   -1   -1   -1   -1   -1   -1   -1   -1   -1   -1   -1   -1   -1   -1   -1   -1   -1   -1   -1   -1   -1   -1   0
14   0   -1   -1   -1   -1   -1   -1   -1   -1   -1   -1   -1   -1   -1   -1   -1   -1   -1   -1   -1   -1   -1   -1   -1   -1   -1   -1   -1
15   -1   -1   -1   -1   -1   -1   -1   -1   -1   -1   -1   -1   -1   -1   118   -1   -1   -1   -1   -1   -1   -1   -1   -1   -1   -1   -1   -1
16   -1   -1   -1   -1   -1   -1   -1   -1   -1   -1   -1   -1   -1   -1   -1   117   -1   -1   -1   -1   -1   -1   -1   -1   -1   -1   -1   -1
17   -1   -1   -1   -1   -1   -1   -1   -1   -1   -1   -1   -1   -1   -1   -1   -1   117   -1   -1   -1   -1   -1   -1   -1   -1   -1   -1   -1
18   -1   -1   -1   -1   -1   -1   -1   -1   -1   -1   -1   -1   -1   -1   -1   -1   -1   120   -1   -1   -1   -1   -1   -1   -1   -1   -1   -1
19   -1   -1   -1   -1   -1   -1   -1   -1   -1   -1   -1   -1   -1   -1   -1   -1   -1   -1   100   -1   -1   -1   -1   -1   -1   -1   -1   -1
20   -1   -1   -1   -1   -1   -1   -1   -1   -1   -1   -1   -1   -1   -1   -1   -1   -1   -1   -1   100   -1   -1   -1   -1   -1   -1   -1   -1
21   -1   -1   -1   -1   -1   -1   -1   -1   -1   -1   -1   -1   -1   -1   -1   -1   -1   -1   -1   -1   106   -1   -1   -1   -1   -1   -1   -1
22   -1   -1   -1   -1   -1   -1   -1   -1   0   -1   -1   -1   -1   -1   -1   -1   -1   -1   -1   -1   -1   111   -1   -1   -1   -1   -1   -1
23   -1   -1   -1   -1   -1   -1   -1   -1   -1   -1   -1   -1   -1   -1   -1   -1   -1   -1   -1   -1   -1   -1   119   -1   -1   -1   -1   -1
24   -1   -1   -1   -1   -1   -1   -1   -1   -1   -1   -1   -1   -1   -1   -1   -1   -1   -1   -1   -1   -1   -1   -1   108   -1   -1   -1   -1
25   -1   -1   -1   -1   -1   -1   -1   -1   -1   -1   -1   -1   -1   -1   -1   -1   -1   -1   -1   -1   -1   -1   -1   -1   110   -1   -1   -1
26   -1   -1   -1   -1   -1   -1   -1   -1   -1   -1   -1   -1   -1   -1   -1   -1   -1   -1   -1   -1   -1   -1   -1   -1   -1   100   -1   -1
27   -1   -1   -1   -1   -1   -1   -1   -1   -1   -1   -1   -1   -1   0   -1   -1   -1   -1   -1   -1   -1   -1   -1   -1   -1   -1   104   -1

#demands
9 9 9 9 
9 9 9 9 
9 9 9 9 
9 9 9 9 
9 9 9 9 
9 9 9 9 
9 9 9 9 
9 9 9 9 
9 9 9 9 
9 9 9 9 
9 9 9 9 
9 9 9 9 
9 9 9 9 
0 0 0 0 
0 0 0 0 
9 9 9 9 
9 9 9 9 
9 9 9 9 
9 9 9 9 
9 9 9 9 
9 9 9 9 
9 9 9 9 
9 9 9 9 
9 9 9 9 
9 9 9 9 
9 9 9 9 
9 9 9 9 
9 9 9 9 

#max_time
53706

#alpha
57

