#num_trains
6

#num_trips
2   2   2   2   2   2   

#num_intervals
2

#time_intervals
0     25899
25900     51798

#num_points
12

#num_stations
12

#stations
0   11   9   3   5   6   1   2   4   7   8   10   

#num_crossings
6

#crossings
0   11   9   3   5   6   

#num_depots
3

#depots
0   11   9   

#initial_point
9

#num_routes
7

#routes
0   1   2   3   4   5   6   7   8   9   10   11   23   22   21   20   19   18   17   16   15   14   13   12   0   
23   22   21   20   19   18   17   16   15   14   13   12   0   1   2   3   4   5   6   7   8   9   10   11   23   
9   10   11   -1   -1   -1   -1   -1   -1   -1   -1   -1   -1   -1   -1   -1   -1   -1   -1   -1   -1   -1   -1   -1   -1   
21   20   19   18   17   16   15   14   13   12   -1   -1   -1   -1   -1   -1   -1   -1   -1   -1   -1   -1   -1   -1   -1   
0   1   2   3   4   5   6   7   8   9   -1   -1   -1   -1   -1   -1   -1   -1   -1   -1   -1   -1   -1   -1   -1   
23   22   21   -1   -1   -1   -1   -1   -1   -1   -1   -1   -1   -1   -1   -1   -1   -1   -1   -1   -1   -1   -1   -1   -1   
21   20   19   18   17   16   15   14   13   12   0   1   2   3   4   5   6   7   8   9   21   -1   -1   -1   -1   

#service_time_min
263   119   119   119   119   119   119   119   119   263   119   263   

#service_time_max
469   469   469   469   469   469   469   469   469   469   469   469   

#cost_matrix
    0    1    2    3    4    5    6    7    8    9    10    11    12    13    14    15    16    17    18    19    20    21    22    23
0   -1   601   -1   -1   -1   -1   -1   -1   -1   -1   -1   -1   0   -1   -1   -1   -1   -1   -1   -1   -1   -1   -1   -1
1   -1   -1   611   -1   -1   -1   -1   -1   -1   -1   -1   -1   -1   -1   -1   -1   -1   -1   -1   -1   -1   -1   -1   -1
2   -1   -1   -1   568   -1   -1   -1   -1   -1   -1   -1   -1   -1   -1   -1   -1   -1   -1   -1   -1   -1   -1   -1   -1
3   -1   -1   -1   -1   607   -1   -1   -1   -1   -1   -1   -1   -1   -1   -1   -1   -1   -1   -1   -1   -1   -1   -1   -1
4   -1   -1   -1   -1   -1   605   -1   -1   -1   -1   -1   -1   -1   -1   -1   -1   -1   -1   -1   -1   -1   -1   -1   -1
5   -1   -1   -1   -1   -1   -1   617   -1   -1   -1   -1   -1   -1   -1   -1   -1   -1   -1   -1   -1   -1   -1   -1   -1
6   -1   -1   -1   -1   -1   -1   -1   641   -1   -1   -1   -1   -1   -1   -1   -1   -1   -1   -1   -1   -1   -1   -1   -1
7   -1   -1   -1   -1   -1   -1   -1   -1   656   -1   -1   -1   -1   -1   -1   -1   -1   -1   -1   -1   -1   -1   -1   -1
8   -1   -1   -1   -1   -1   -1   -1   -1   -1   681   -1   -1   -1   -1   -1   -1   -1   -1   -1   -1   -1   -1   -1   -1
9   -1   -1   -1   -1   -1   -1   -1   -1   -1   -1   670   -1   -1   -1   -1   -1   -1   -1   -1   -1   -1   0   -1   -1
10   -1   -1   -1   -1   -1   -1   -1   -1   -1   -1   -1   645   -1   -1   -1   -1   -1   -1   -1   -1   -1   -1   -1   -1
11   -1   -1   -1   -1   -1   -1   -1   -1   -1   -1   -1   -1   -1   -1   -1   -1   -1   -1   -1   -1   -1   -1   -1   0
12   0   -1   -1   -1   -1   -1   -1   -1   -1   -1   -1   -1   -1   -1   -1   -1   -1   -1   -1   -1   -1   -1   -1   -1
13   -1   -1   -1   -1   -1   -1   -1   -1   -1   -1   -1   -1   601   -1   -1   -1   -1   -1   -1   -1   -1   -1   -1   -1
14   -1   -1   -1   -1   -1   -1   -1   -1   -1   -1   -1   -1   -1   611   -1   -1   -1   -1   -1   -1   -1   -1   -1   -1
15   -1   -1   -1   -1   -1   -1   -1   -1   -1   -1   -1   -1   -1   -1   568   -1   -1   -1   -1   -1   -1   -1   -1   -1
16   -1   -1   -1   -1   -1   -1   -1   -1   -1   -1   -1   -1   -1   -1   -1   607   -1   -1   -1   -1   -1   -1   -1   -1
17   -1   -1   -1   -1   -1   -1   -1   -1   -1   -1   -1   -1   -1   -1   -1   -1   605   -1   -1   -1   -1   -1   -1   -1
18   -1   -1   -1   -1   -1   -1   -1   -1   -1   -1   -1   -1   -1   -1   -1   -1   -1   617   -1   -1   -1   -1   -1   -1
19   -1   -1   -1   -1   -1   -1   -1   -1   -1   -1   -1   -1   -1   -1   -1   -1   -1   -1   641   -1   -1   -1   -1   -1
20   -1   -1   -1   -1   -1   -1   -1   -1   -1   -1   -1   -1   -1   -1   -1   -1   -1   -1   -1   656   -1   -1   -1   -1
21   -1   -1   -1   -1   -1   -1   -1   -1   -1   0   -1   -1   -1   -1   -1   -1   -1   -1   -1   -1   681   -1   -1   -1
22   -1   -1   -1   -1   -1   -1   -1   -1   -1   -1   -1   -1   -1   -1   -1   -1   -1   -1   -1   -1   -1   670   -1   -1
23   -1   -1   -1   -1   -1   -1   -1   -1   -1   -1   -1   0   -1   -1   -1   -1   -1   -1   -1   -1   -1   -1   645   -1

#demands
4 4 
4 4 
4 4 
4 4 
4 4 
4 4 
4 4 
4 4 
4 4 
4 4 
4 4 
0 0 
0 0 
4 4 
4 4 
4 4 
4 4 
4 4 
4 4 
4 4 
4 4 
4 4 
4 4 
4 4 

#max_time
51798

#alpha
76

