#num_trains
2

#num_trips
2   2   

#num_intervals
2

#time_intervals
0     8722
8723     17444

#num_points
6

#num_stations
5

#stations
0   5   2   3   4   

#num_crossings
3

#crossings
0   5   1   

#num_depots
2

#depots
0   5   

#initial_point
0

#num_routes
2

#routes
0   1   2   3   4   5   11   10   9   8   7   6   0   
11   10   9   8   7   6   0   1   2   3   4   5   11   

#service_time_min
109   46   89   89   89   109   

#service_time_max
354   354   354   354   354   354   

#cost_matrix
    0    1    2    3    4    5    6    7    8    9    10    11
0   -1   555   -1   -1   -1   -1   0   -1   -1   -1   -1   -1
1   -1   -1   572   -1   -1   -1   -1   -1   -1   -1   -1   -1
2   -1   -1   -1   549   -1   -1   -1   -1   -1   -1   -1   -1
3   -1   -1   -1   -1   501   -1   -1   -1   -1   -1   -1   -1
4   -1   -1   -1   -1   -1   511   -1   -1   -1   -1   -1   -1
5   -1   -1   -1   -1   -1   -1   -1   -1   -1   -1   -1   0
6   0   -1   -1   -1   -1   -1   -1   -1   -1   -1   -1   -1
7   -1   -1   -1   -1   -1   -1   555   -1   -1   -1   -1   -1
8   -1   -1   -1   -1   -1   -1   -1   572   -1   -1   -1   -1
9   -1   -1   -1   -1   -1   -1   -1   -1   549   -1   -1   -1
10   -1   -1   -1   -1   -1   -1   -1   -1   -1   501   -1   -1
11   -1   -1   -1   -1   -1   0   -1   -1   -1   -1   511   -1

#demands
1 1 
0 0 
1 1 
1 1 
1 1 
0 0 
0 0 
0 0 
1 1 
1 1 
1 1 
1 1 

#max_time
17444

#alpha
59

