#num_trains
5

#num_trips
6   6   6   6   6   

#num_intervals
2

#time_intervals
0     17825
17826     35651

#num_points
7

#num_stations
6

#stations
0   6   3   1   2   5   

#num_crossings
5

#crossings
0   6   4   3   1   

#num_depots
2

#depots
0   6   

#initial_point
6

#num_routes
2

#routes
0   1   2   3   4   5   6   13   12   11   10   9   8   7   0   
13   12   11   10   9   8   7   0   1   2   3   4   5   6   13   

#service_time_min
171   62   62   62   35   62   171   

#service_time_max
491   491   491   491   491   491   491   

#cost_matrix
    0    1    2    3    4    5    6    7    8    9    10    11    12    13
0   -1   201   -1   -1   -1   -1   -1   0   -1   -1   -1   -1   -1   -1
1   -1   -1   213   -1   -1   -1   -1   -1   -1   -1   -1   -1   -1   -1
2   -1   -1   -1   186   -1   -1   -1   -1   -1   -1   -1   -1   -1   -1
3   -1   -1   -1   -1   187   -1   -1   -1   -1   -1   -1   -1   -1   -1
4   -1   -1   -1   -1   -1   219   -1   -1   -1   -1   -1   -1   -1   -1
5   -1   -1   -1   -1   -1   -1   184   -1   -1   -1   -1   -1   -1   -1
6   -1   -1   -1   -1   -1   -1   -1   -1   -1   -1   -1   -1   -1   0
7   0   -1   -1   -1   -1   -1   -1   -1   -1   -1   -1   -1   -1   -1
8   -1   -1   -1   -1   -1   -1   -1   201   -1   -1   -1   -1   -1   -1
9   -1   -1   -1   -1   -1   -1   -1   -1   213   -1   -1   -1   -1   -1
10   -1   -1   -1   -1   -1   -1   -1   -1   -1   186   -1   -1   -1   -1
11   -1   -1   -1   -1   -1   -1   -1   -1   -1   -1   187   -1   -1   -1
12   -1   -1   -1   -1   -1   -1   -1   -1   -1   -1   -1   219   -1   -1
13   -1   -1   -1   -1   -1   -1   0   -1   -1   -1   -1   -1   184   -1

#demands
14 14 
14 14 
14 14 
14 14 
0 0 
14 14 
0 0 
0 0 
14 14 
14 14 
14 14 
0 0 
14 14 
14 14 

#max_time
35651

#alpha
59

