#num_trains
5

#num_trips
3   3   3   3   3   

#num_intervals
3

#time_intervals
0     10136
10137     20272
20273     30409

#num_points
8

#num_stations
7

#stations
0   7   1   2   3   4   5   

#num_crossings
4

#crossings
0   7   1   6   

#num_depots
3

#depots
0   7   1   

#initial_point
0

#num_routes
8

#routes
0   1   2   3   4   5   6   7   15   14   13   12   11   10   9   8   0   
15   14   13   12   11   10   9   8   0   1   2   3   4   5   6   7   15   
1   2   3   4   5   6   7   -1   -1   -1   -1   -1   -1   -1   -1   -1   -1   
9   8   -1   -1   -1   -1   -1   -1   -1   -1   -1   -1   -1   -1   -1   -1   -1   
0   1   -1   -1   -1   -1   -1   -1   -1   -1   -1   -1   -1   -1   -1   -1   -1   
15   14   13   12   11   10   9   -1   -1   -1   -1   -1   -1   -1   -1   -1   -1   
9   8   0   1   9   -1   -1   -1   -1   -1   -1   -1   -1   -1   -1   -1   -1   
1   2   3   4   5   6   7   15   14   13   12   11   10   9   1   -1   -1   

#service_time_min
116   116   105   105   105   105   58   116   

#service_time_max
417   417   417   417   417   417   417   417   

#cost_matrix
    0    1    2    3    4    5    6    7    8    9    10    11    12    13    14    15
0   -1   310   -1   -1   -1   -1   -1   -1   0   -1   -1   -1   -1   -1   -1   -1
1   -1   -1   314   -1   -1   -1   -1   -1   -1   0   -1   -1   -1   -1   -1   -1
2   -1   -1   -1   333   -1   -1   -1   -1   -1   -1   -1   -1   -1   -1   -1   -1
3   -1   -1   -1   -1   329   -1   -1   -1   -1   -1   -1   -1   -1   -1   -1   -1
4   -1   -1   -1   -1   -1   321   -1   -1   -1   -1   -1   -1   -1   -1   -1   -1
5   -1   -1   -1   -1   -1   -1   326   -1   -1   -1   -1   -1   -1   -1   -1   -1
6   -1   -1   -1   -1   -1   -1   -1   296   -1   -1   -1   -1   -1   -1   -1   -1
7   -1   -1   -1   -1   -1   -1   -1   -1   -1   -1   -1   -1   -1   -1   -1   0
8   0   -1   -1   -1   -1   -1   -1   -1   -1   -1   -1   -1   -1   -1   -1   -1
9   -1   0   -1   -1   -1   -1   -1   -1   310   -1   -1   -1   -1   -1   -1   -1
10   -1   -1   -1   -1   -1   -1   -1   -1   -1   314   -1   -1   -1   -1   -1   -1
11   -1   -1   -1   -1   -1   -1   -1   -1   -1   -1   333   -1   -1   -1   -1   -1
12   -1   -1   -1   -1   -1   -1   -1   -1   -1   -1   -1   329   -1   -1   -1   -1
13   -1   -1   -1   -1   -1   -1   -1   -1   -1   -1   -1   -1   321   -1   -1   -1
14   -1   -1   -1   -1   -1   -1   -1   -1   -1   -1   -1   -1   -1   326   -1   -1
15   -1   -1   -1   -1   -1   -1   -1   0   -1   -1   -1   -1   -1   -1   296   -1

#demands
4 4 4 
4 4 4 
4 4 4 
4 4 4 
4 4 4 
4 4 4 
0 0 0 
0 0 0 
0 0 0 
4 4 4 
4 4 4 
4 4 4 
4 4 4 
4 4 4 
0 0 0 
4 4 4 

#max_time
30409

#alpha
51

